   2.50000 2.329506991E-38
   7.50000 1.306240896E-32
  12.50000 6.087804611E-30
  17.50000 3.499636882E-28
  22.50000 7.282153282E-27
  27.50000 8.256314379E-26
  32.50000 6.335437936E-25
  37.50000 3.637745752E-24
  42.50000 1.696357911E-23
  47.50000 6.735019863E-23
  52.50000 2.352967418E-22
  57.50000 7.389057877E-22
  62.50000 2.142157323E-21
  67.50000 5.766597475E-21
  72.50000 1.477807359E-20
  77.50000 3.580366592E-20
  82.50000 8.382458791E-20
  87.50000 1.905688994E-19
  92.50000 4.187836550E-19
  97.50000 9.135095355E-19
 102.50000 2.048077356E-18
 107.50000 5.007083783E-18
 112.50000 1.396475628E-17
 117.50000 3.757958227E-17
 122.50000 9.908176563E-17
 127.50000 2.501279222E-16
 132.50000 5.923963763E-16
 137.50000 1.304976656E-15
 142.50000 2.673602601E-15
 147.50000 5.380754805E-15
 152.50000 1.066518083E-14
 157.50000 2.037934066E-14
 162.50000 3.993451422E-14
 167.50000 7.826383931E-14
 172.50000 1.625983633E-13
 177.50000 4.101102057E-13
 182.50000 1.553064103E-12
 187.50000 4.314863005E-12
 192.50000 7.131576191E-12
 197.50000 9.646292563E-12
 202.50000 1.303227641E-11
 207.50000 1.670099436E-11
 212.50000 2.063553052E-11
 217.50000 2.490713658E-11
 222.50000 3.038127017E-11
 227.50000 3.659697905E-11
 232.50000 4.017142001E-11
 237.50000 4.584062306E-11
 242.50000 5.238269861E-11
 247.50000 6.132453650E-11
 252.50000 6.991750711E-11
 257.50000 7.883819034E-11
 262.50000 8.782680332E-11
 267.50000 9.587971479E-11
 272.50000 1.110353987E-10
 277.50000 1.244138276E-10
 282.50000 1.349449479E-10
 287.50000 1.462487809E-10
 292.50000 1.618460330E-10
 297.50000 1.814918006E-10
 302.50000 2.053991656E-10
 307.50000 2.323489277E-10
 312.50000 2.380600128E-10
 317.50000 2.579196232E-10
 322.50000 2.744154673E-10
 327.50000 3.043400542E-10
 332.50000 3.294157701E-10
 337.50000 3.473123146E-10
 342.50000 3.685757561E-10
 347.50000 3.997727012E-10
 352.50000 4.344024496E-10
 357.50000 4.858937443E-10
 362.50000 5.349813563E-10
 367.50000 5.522033782E-10
 372.50000 5.496420633E-10
 377.50000 6.490557535E-10
 382.50000 6.900218186E-10
 387.50000 7.126014614E-10
 392.50000 7.392025916E-10
 397.50000 8.490963548E-10
 402.50000 8.726043930E-10
 407.50000 9.023710209E-10
 412.50000 8.971594073E-10
 417.50000 1.046928538E-09
 422.50000 1.060249264E-09
 427.50000 1.087689261E-09
 432.50000 1.229480643E-09
 437.50000 1.188500309E-09
 442.50000 1.508253870E-09
 447.50000 1.405518408E-09
 452.50000 1.482939939E-09
 457.50000 1.420014116E-09
 462.50000 1.722651813E-09
 467.50000 1.783412962E-09
 472.50000 1.704724415E-09
 477.50000 1.792500530E-09
 482.50000 1.807760792E-09
 487.50000 2.106193453E-09
 492.50000 2.023682150E-09
 497.50000 2.447563694E-09
 502.50000 2.525871666E-09
 507.50000 2.348819183E-09
 512.50000 2.410913186E-09
 517.50000 2.664177559E-09
 522.50000 3.042409158E-09
 527.50000 3.004053225E-09
 532.50000 3.163735621E-09
 537.50000 3.834881986E-09
 542.50000 3.280139937E-09
 547.50000 3.399831135E-09
 552.50000 3.731540958E-09
 557.50000 3.369360390E-09
 562.50000 3.634632409E-09
 567.50000 4.220949931E-09
 572.50000 4.330488980E-09
 577.50000 4.459332393E-09
 582.50000 5.398056269E-09
 587.50000 4.208968749E-09
 592.50000 4.550938478E-09
 597.50000 4.373285133E-09
 602.50000 5.146705553E-09
 607.50000 6.491163313E-09
 612.50000 5.227669083E-09
 617.50000 5.344022868E-09
 622.50000 5.556895309E-09
 627.50000 5.900695082E-09
 632.50000 6.187466750E-09
 637.50000 6.140112928E-09
 642.50000 6.593141792E-09
 647.50000 6.516310237E-09
 652.50000 6.865359292E-09
 657.50000 7.561488812E-09
 662.50000 7.404552547E-09
 667.50000 8.791785692E-09
 672.50000 7.301822960E-09
 677.50000 7.408116296E-09
 682.50000 8.082545273E-09
 687.50000 9.289201219E-09
 692.50000 2.203552810E-08
 697.50000 1.030151175E-08
 702.50000 8.984574636E-09
 707.50000 9.052404750E-09
 712.50000 9.010166959E-09
 717.50000 1.048790484E-08
 722.50000 1.150087832E-08
 727.50000 2.370418375E-08
 732.50000 1.056350576E-08
 737.50000 1.101952145E-08
 742.50000 1.160111572E-08
 747.50000 1.127074413E-08
 752.50000 1.219835961E-08
 757.50000 1.343158777E-08
 762.50000 1.252840420E-08
 767.50000 3.108983994E-08
 772.50000 1.341475410E-08
 777.50000 1.506070247E-08
 782.50000 1.719912307E-08
 787.50000 1.471663153E-08
 792.50000 1.631913914E-08
 797.50000 1.825090702E-08
 802.50000 1.896059836E-08
 807.50000 1.956173364E-08
 812.50000 1.733531601E-08
 817.50000 1.681593790E-08
 822.50000 1.786589840E-08
 827.50000 2.031566115E-08
 832.50000 1.742987904E-08
 837.50000 1.742260154E-08
 842.50000 1.827428873E-08
 847.50000 1.821096666E-08
 852.50000 2.200179224E-08
 857.50000 2.097915305E-08
 862.50000 2.405883689E-08
 867.50000 2.269134233E-08
 872.50000 2.629747434E-08
 877.50000 2.104997555E-08
 882.50000 2.380386662E-08
 887.50000 2.449475995E-08
 892.50000 2.524061844E-08
 897.50000 2.465765842E-08
 902.50000 3.047653727E-08
 907.50000 2.455411965E-08
 912.50000 2.534204732E-08
 917.50000 2.510130738E-08
 922.50000 2.688315838E-08
 927.50000 2.970404602E-08
 932.50000 2.942525623E-08
 937.50000 2.985703720E-08
 942.50000 4.238072603E-08
 947.50000 2.983994523E-08
 952.50000 3.841022727E-08
 957.50000 3.888290166E-08
 962.50000 4.080982440E-08
 967.50000 3.558408342E-08
 972.50000 3.237509645E-08
 977.50000 3.691915927E-08
 982.50000 3.424625623E-08
 987.50000 3.630274421E-08
 992.50000 4.317056185E-08
 997.50000 4.648914923E-08
1002.50000 5.538481593E-08
