   2.50000 4.532785577E-38
   7.50000 2.565442220E-32
  12.50000 1.190915083E-29
  17.50000 6.856196136E-28
  22.50000 1.421661878E-26
  27.50000 1.607269276E-25
  32.50000 1.223714922E-24
  37.50000 7.037335469E-24
  42.50000 3.265903590E-23
  47.50000 1.293812175E-22
  52.50000 4.483621019E-22
  57.50000 1.407878729E-21
  62.50000 4.047898626E-21
  67.50000 1.083742701E-20
  72.50000 2.739310805E-20
  77.50000 6.587041603E-20
  82.50000 1.522598576E-19
  87.50000 3.402674325E-19
  92.50000 7.490259274E-19
  97.50000 1.622737472E-18
 102.50000 3.489154455E-18
 107.50000 8.211640412E-18
 112.50000 2.094268698E-17
 117.50000 5.734394845E-17
 122.50000 1.510537500E-16
 127.50000 3.764943161E-16
 132.50000 8.954444421E-16
 137.50000 1.937338943E-15
 142.50000 4.017353966E-15
 147.50000 7.958006574E-15
 152.50000 1.548751815E-14
 157.50000 2.884908855E-14
 162.50000 5.482724587E-14
 167.50000 1.017123260E-13
 172.50000 1.927967550E-13
 177.50000 3.938966405E-13
 182.50000 9.970368110E-13
 187.50000 3.344435082E-12
 192.50000 7.360466280E-12
 197.50000 1.319747428E-11
 202.50000 2.121881781E-11
 207.50000 3.222808875E-11
 212.50000 4.205072524E-11
 217.50000 5.660481386E-11
 222.50000 7.013665511E-11
 227.50000 8.950051018E-11
 232.50000 1.093788626E-10
 237.50000 1.285541942E-10
 242.50000 1.509022346E-10
 247.50000 1.810945132E-10
 252.50000 2.026748864E-10
 257.50000 2.417782849E-10
 262.50000 2.731513345E-10
 267.50000 3.062305870E-10
 272.50000 3.579824811E-10
 277.50000 4.195668713E-10
 282.50000 4.487869653E-10
 287.50000 4.778703403E-10
 292.50000 5.721958574E-10
 297.50000 6.221467283E-10
 302.50000 7.019755715E-10
 307.50000 7.228023750E-10
 312.50000 8.123405127E-10
 317.50000 8.745256957E-10
 322.50000 9.959038723E-10
 327.50000 1.049476538E-09
 332.50000 1.188368211E-09
 337.50000 1.256324381E-09
 342.50000 1.462565522E-09
 347.50000 1.416232796E-09
 352.50000 1.514781417E-09
 357.50000 1.619219510E-09
 362.50000 1.806893645E-09
 367.50000 2.107145162E-09
 372.50000 2.331233601E-09
 377.50000 2.320527340E-09
 382.50000 2.225327697E-09
 387.50000 2.528972203E-09
 392.50000 2.581681839E-09
 397.50000 2.798030543E-09
 402.50000 2.897156755E-09
 407.50000 3.271771512E-09
 412.50000 3.324328545E-09
 417.50000 3.531371172E-09
 422.50000 4.047749422E-09
 427.50000 4.390072182E-09
 432.50000 3.827770464E-09
 437.50000 4.289890711E-09
 442.50000 4.755154667E-09
 447.50000 4.842216796E-09
 452.50000 5.674990775E-09
 457.50000 5.496904323E-09
 462.50000 5.551937354E-09
 467.50000 5.822986227E-09
 472.50000 6.070037709E-09
 477.50000 7.833433780E-09
 482.50000 6.851734331E-09
 487.50000 9.185462367E-09
 492.50000 7.633621541E-09
 497.50000 7.382581110E-09
 502.50000 7.882394272E-09
 507.50000 8.183490209E-09
 512.50000 9.617151581E-09
 517.50000 9.322027727E-09
 522.50000 1.032745521E-08
 527.50000 1.356450659E-08
 532.50000 1.149592103E-08
 537.50000 1.112156483E-08
 542.50000 1.216722437E-08
 547.50000 1.083276444E-08
 552.50000 1.246148153E-08
 557.50000 1.477950527E-08
 562.50000 1.424442330E-08
 567.50000 1.329308689E-08
 572.50000 1.442651077E-08
 577.50000 1.477429867E-08
 582.50000 1.646871188E-08
 587.50000 1.753290234E-08
 592.50000 1.612400426E-08
 597.50000 1.643838473E-08
 602.50000 1.940523357E-08
 607.50000 2.775107050E-08
 612.50000 1.972129064E-08
 617.50000 2.092335971E-08
 622.50000 2.071368851E-08
 627.50000 2.581578539E-08
 632.50000 2.182675201E-08
 637.50000 2.088976251E-08
 642.50000 2.967903277E-08
 647.50000 2.255331918E-08
 652.50000 3.282082202E-08
 657.50000 2.825028722E-08
 662.50000 2.527780426E-08
 667.50000 5.084045190E-08
 672.50000 2.797985052E-08
 677.50000 3.037538709E-08
 682.50000 3.351239396E-08
 687.50000 3.063647919E-08
 692.50000 3.280396259E-08
 697.50000 3.218200595E-08
 702.50000 4.149877524E-08
 707.50000 3.057706636E-08
 712.50000 3.354423203E-08
 717.50000 3.966365521E-08
 722.50000 5.456190586E-08
 727.50000 4.140705409E-08
 732.50000 3.886090009E-08
 737.50000 5.003709428E-08
 742.50000 5.732657418E-08
 747.50000 5.942902637E-08
 752.50000 5.222479342E-08
 757.50000 4.625613093E-08
 762.50000 5.020338371E-08
 767.50000 4.658852704E-08
 772.50000 6.106998844E-08
 777.50000 5.722307951E-08
 782.50000 5.339170583E-08
 787.50000 9.022064729E-08
 792.50000 5.160070924E-08
 797.50000 5.551722816E-08
 802.50000 5.715583749E-08
 807.50000 5.635354088E-08
 812.50000 6.652362860E-08
 817.50000 7.027340782E-08
 822.50000 6.995281965E-08
 827.50000 1.370521519E-07
 832.50000 6.551624239E-08
 837.50000 6.917226804E-08
 842.50000 7.559560549E-08
 847.50000 8.312778583E-08
 852.50000 7.143777823E-08
 857.50000 8.070209394E-08
 862.50000 7.499555807E-08
 867.50000 8.211460851E-08
 872.50000 9.279456566E-08
 877.50000 7.654301128E-08
 882.50000 8.174293982E-08
 887.50000 8.695129219E-08
 892.50000 8.143049587E-08
 897.50000 8.915318462E-08
 902.50000 8.865229892E-08
 907.50000 9.134396808E-08
 912.50000 1.178231285E-07
 917.50000 9.693110436E-08
 922.50000 9.339314392E-08
 927.50000 1.040156347E-07
 932.50000 1.580477362E-07
 937.50000 1.249356426E-07
 942.50000 1.083417172E-07
 947.50000 1.286331352E-07
 952.50000 1.247838205E-07
 957.50000 1.161858898E-07
 962.50000 2.479344118E-07
 967.50000 1.170319886E-07
 972.50000 1.161453144E-07
 977.50000 1.533951487E-07
 982.50000 1.190377349E-07
 987.50000 1.323211419E-07
 992.50000 1.413255892E-07
 997.50000 1.431000492E-07
1002.50000 1.422089945E-07
