   2.50000 1.529884750E-29
   7.50000 1.091021846E-25
  12.50000 6.570551369E-24
  17.50000 9.859631227E-23
  22.50000 7.454209246E-22
  27.50000 3.787132916E-21
  32.50000 1.472935982E-20
  37.50000 4.765040050E-20
  42.50000 1.338032570E-19
  47.50000 3.385265494E-19
  52.50000 7.837089076E-19
  57.50000 1.700391036E-18
  62.50000 3.492399837E-18
  67.50000 6.827199793E-18
  72.50000 1.291945071E-17
  77.50000 2.383146607E-17
  82.50000 4.281835014E-17
  87.50000 7.574244536E-17
  92.50000 1.337494196E-16
  97.50000 2.298757519E-16
 102.50000 4.638651030E-16
 107.50000 9.714325603E-16
 112.50000 2.105896049E-15
 117.50000 4.605261060E-15
 122.50000 9.468805934E-15
 127.50000 1.827226121E-14
 132.50000 3.342005726E-14
 137.50000 5.933858742E-14
 142.50000 9.772116318E-14
 147.50000 1.620137237E-13
 152.50000 2.614179037E-13
 157.50000 4.188699247E-13
 162.50000 6.805641618E-13
 167.50000 1.104559256E-12
 172.50000 1.942093509E-12
 177.50000 3.908177250E-12
 182.50000 1.271689467E-11
 187.50000 2.960650953E-11
 192.50000 4.588459720E-11
 197.50000 5.856712010E-11
 202.50000 7.565372493E-11
 207.50000 8.942725126E-11
 212.50000 1.091652696E-10
 217.50000 1.264505826E-10
 222.50000 1.430705806E-10
 227.50000 1.634729512E-10
 232.50000 1.889502656E-10
 237.50000 2.128009768E-10
 242.50000 2.398902446E-10
 247.50000 2.644575259E-10
 252.50000 2.908683593E-10
 257.50000 3.356292510E-10
 262.50000 3.622562438E-10
 267.50000 4.125732655E-10
 272.50000 4.413935391E-10
 277.50000 5.039721226E-10
 282.50000 5.362347537E-10
 287.50000 5.912028494E-10
 292.50000 6.425632637E-10
 297.50000 6.892470097E-10
 302.50000 7.581056495E-10
 307.50000 8.267602445E-10
 312.50000 9.309379066E-10
 317.50000 1.001304580E-09
 322.50000 1.067805224E-09
 327.50000 1.133037384E-09
 332.50000 1.153088045E-09
 337.50000 1.312575949E-09
 342.50000 1.505277009E-09
 347.50000 1.498259507E-09
 352.50000 1.586911525E-09
 357.50000 1.772280917E-09
 362.50000 1.850514914E-09
 367.50000 1.965945452E-09
 372.50000 2.135290679E-09
 377.50000 2.280599365E-09
 382.50000 2.305757686E-09
 387.50000 2.476501528E-09
 392.50000 2.544908101E-09
 397.50000 3.332139044E-09
 402.50000 3.020531209E-09
 407.50000 3.161797741E-09
 412.50000 3.322100271E-09
 417.50000 3.472232617E-09
 422.50000 4.007667920E-09
 427.50000 3.898321160E-09
 432.50000 4.863422488E-09
 437.50000 4.200020093E-09
 442.50000 4.279088944E-09
 447.50000 5.134284201E-09
 452.50000 4.666816393E-09
 457.50000 5.679504937E-09
 462.50000 5.057002466E-09
 467.50000 5.752007120E-09
 472.50000 5.641933210E-09
 477.50000 5.885080751E-09
 482.50000 7.104229986E-09
 487.50000 6.358245834E-09
 492.50000 7.019900366E-09
 497.50000 9.848561789E-09
 502.50000 7.641376503E-09
 507.50000 8.670278635E-09
 512.50000 7.839280694E-09
 517.50000 1.128179290E-08
 522.50000 9.542284220E-09
 527.50000 9.649355049E-09
 532.50000 1.084966979E-08
 537.50000 9.698719963E-09
 542.50000 1.085207966E-08
 547.50000 1.367416117E-08
 552.50000 1.144501275E-08
 557.50000 1.330955584E-08
 562.50000 1.252759614E-08
 567.50000 1.342827511E-08
 572.50000 1.293589614E-08
 577.50000 1.848902978E-08
 582.50000 1.888059093E-08
 587.50000 1.518658447E-08
 592.50000 2.319679557E-08
 597.50000 1.735096557E-08
 602.50000 3.025711405E-08
 607.50000 1.602264098E-08
 612.50000 2.006851921E-08
 617.50000 1.755229377E-08
 622.50000 1.698706463E-08
 627.50000 1.977620737E-08
 632.50000 1.895761199E-08
 637.50000 2.579415361E-08
 642.50000 2.300397638E-08
 647.50000 2.021180238E-08
 652.50000 2.423289183E-08
 657.50000 2.265621619E-08
 662.50000 2.316741115E-08
 667.50000 2.250239516E-08
 672.50000 2.323585959E-08
 677.50000 2.578841000E-08
 682.50000 2.518951104E-08
 687.50000 2.841154881E-08
 692.50000 2.639480117E-08
 697.50000 2.871297577E-08
 702.50000 3.342452347E-08
 707.50000 2.920718576E-08
 712.50000 3.161484416E-08
 717.50000 3.123824247E-08
 722.50000 3.339487481E-08
 727.50000 4.880324564E-08
 732.50000 3.539736218E-08
 737.50000 3.367972470E-08
 742.50000 3.584708665E-08
 747.50000 4.066712825E-08
 752.50000 5.819668320E-08
 757.50000 3.768714232E-08
 762.50000 3.971628200E-08
 767.50000 4.334040821E-08
 772.50000 4.085227441E-08
 777.50000 4.218198070E-08
 782.50000 4.841022144E-08
 787.50000 4.825622452E-08
 792.50000 4.727891027E-08
 797.50000 5.430089101E-08
 802.50000 4.935703428E-08
 807.50000 5.372698494E-08
 812.50000 4.978358170E-08
 817.50000 5.144669164E-08
 822.50000 5.582374893E-08
 827.50000 6.116896512E-08
 832.50000 5.415581836E-08
 837.50000 9.488084775E-08
 842.50000 7.158785791E-08
 847.50000 6.262423679E-08
 852.50000 5.907837244E-08
 857.50000 6.163124015E-08
 862.50000 6.678366130E-08
 867.50000 6.471029308E-08
 872.50000 7.316582143E-08
 877.50000 7.048791675E-08
 882.50000 8.498539097E-08
 887.50000 7.515279187E-08
 892.50000 8.878068943E-08
 897.50000 7.441238551E-08
 902.50000 7.565750892E-08
 907.50000 7.784854100E-08
 912.50000 7.914780724E-08
 917.50000 8.891491585E-08
 922.50000 7.981731056E-08
 927.50000 1.608309786E-07
 932.50000 9.655162660E-08
 937.50000 2.819677637E-07
 942.50000 9.265964121E-08
 947.50000 9.302578700E-08
 952.50000 9.439055889E-08
 957.50000 1.026294492E-07
 962.50000 1.382949614E-07
 967.50000 1.393479448E-07
 972.50000 1.043290900E-07
 977.50000 1.379271931E-07
 982.50000 7.752725484E-07
 987.50000 1.119565322E-07
 992.50000 1.108134593E-07
 997.50000 1.233454042E-07
1002.50000 1.172154573E-07

